100 62
200 106
300 150
400 185
500 215
600 248
700 265
800 286
900 304
1000 328
1100 344
1200 364
1300 387
1400 405
1500 422
1600 452
1700 475
1800 490
1900 508
2000 531
2100 549
2200 567
2300 585
2400 603
2500 627
2600 664
2700 695
2800 723
2900 752
3000 770
3100 793
3200 817
3300 845
3400 887
3500 923
3600 961
3700 995
3800 1025
3900 1060
4000 1091
4100 1126
4200 1154
4300 1182
4400 1214
4500 1242
4600 1263
4700 1285
4800 1321
4900 1360
5000 1390
5100 1423
5200 1454
5300 1469
5400 1489
5500 1514
5600 1535
5700 1571
5800 1595
5900 1614
6000 1645
6100 1682
6200 1722
6300 1758
6400 1793
6500 1823
6600 1847
6700 1879
6800 1911
6900 1935
7000 1974
7100 2005
7200 2019
7300 2059
7400 2083
7500 2099
7600 2125
7700 2145
7800 2166
7900 2187
8000 2210
8100 2231
8200 2255
8300 2279
8400 2306
8500 2327
8600 2340
8700 2353
8800 2368
8900 2390
9000 2406
9100 2423
9200 2444
9300 2461
9400 2481
9500 2511
9600 2535
9700 2561
9800 2572
9900 2596
10000 2621
10100 2638
10200 2653
10300 2678
10400 2701
10500 2724
10600 2741
10700 2763
10800 2781
10900 2800
11000 2822
11100 2838
11200 2849
11300 2865
11400 2884
11500 2893
11600 2903
11700 2935
11800 2947
11900 2961
12000 2984
12100 3002
12200 3013
12300 3029
12400 3042
12500 3057
12600 3074
12700 3086
12800 3098
12900 3117
13000 3138
13100 3151
13200 3171
13300 3183
13400 3193
13500 3206
13600 3221
13700 3232
13800 3246
13900 3258
14000 3273
14100 3287
14200 3308
14300 3320
14400 3334
14500 3347
14600 3360
14700 3376
14800 3388
14900 3405
15000 3414
15100 3430
15200 3448
15300 3459
15400 3468
15500 3487
15600 3510
15700 3536
15800 3553
15900 3568
16000 3588
16100 3599
16200 3613
16300 3621
16400 3633
16500 3642
16600 3654
16700 3669
16800 3681
16900 3687
17000 3693
17100 3705
17200 3716
17300 3728
17400 3736
17500 3751
17600 3768
17700 3774
17800 3786
17900 3800
18000 3809
18100 3820
18200 3830
18300 3846
18400 3857
18500 3867
18600 3882
18700 3892
18800 3899
18900 3911
19000 3924
19100 3939
19200 3950
19300 3962
19400 3971
19500 3980
19600 3991
19700 4003
19800 4014
19900 4033
20000 4043
20100 4058
20200 4073
20300 4081
20400 4095
20500 4110
20600 4125
20700 4145
20800 4151
20900 4154
21000 4165
21100 4177
21200 4195
21300 4207
21400 4221
21500 4238
21600 4247
21700 4255
21800 4266
21900 4276
22000 4289
22100 4299
22200 4308
22300 4316
22400 4325
22500 4338
22600 4345
22700 4354
22800 4371
22900 4381
23000 4389
23100 4395
23200 4402
23300 4415
23400 4430
23500 4440
23600 4454
23700 4459
23800 4466
23900 4478
24000 4489
24100 4499
24200 4508
24300 4519
24400 4525
24500 4537
24600 4547
24700 4558
24800 4571
24900 4581
25000 4594
25100 4606
25200 4622
25300 4634
25400 4650
25500 4660
25600 4672
25700 4682
25800 4701
25900 4710
26000 4722
26100 4738
26200 4747
26300 4761
26400 4767
26500 4783
26600 4790
26700 4798
26800 4804
26900 4811
27000 4820
27100 4822
27200 4827
27300 4836
27400 4846
27500 4859
27600 4869
27700 4878
27800 4888
27900 4901
28000 4913
28100 4924
28200 4933
28300 4942
28400 4957
28500 4976
28600 4990
28700 4995
28800 5007
28900 5015
29000 5033
29100 5048
29200 5062
29300 5074
29400 5087
29500 5102
29600 5117
29700 5137
29800 5161
29900 5180
30000 5205
30100 5222
30200 5239
30300 5252
30400 5262
30500 5275
30600 5285
30700 5301
30800 5319
30900 5342
31000 5353
31100 5362
31200 5374
31300 5382
31400 5391
31500 5398
31600 5406
31700 5418
31800 5429
31900 5439
32000 5451
32100 5462
32200 5465
32300 5474
32400 5485
32500 5495
32600 5509
32700 5522
32800 5530
32900 5543
33000 5561
33100 5582
33200 5599
33300 5609
33400 5618
33500 5622
33600 5635
33700 5649
33800 5656
33900 5666
34000 5673
34100 5687
34200 5700
34300 5707
34400 5719
34500 5729
34600 5741
34700 5757
34800 5764
34900 5773
35000 5777
35100 5783
35200 5789
35300 5793
35400 5796
35500 5801
35600 5808
35700 5832
35800 5866
35900 5872
36000 5879
36100 5887
36200 5896
36300 5901
36400 5912
36500 5920
36600 5929
36700 5939
36800 5950
36900 5961
37000 5966
37100 5981
37200 6009
37300 6037
37400 6053
37500 6069
37600 6081
37700 6100
37800 6121
37900 6140
38000 6146
38100 6156
38200 6164
38300 6179
38400 6187
38500 6197
38600 6209
38700 6221
38800 6230
38900 6235
39000 6242
39100 6259
39200 6267
39300 6281
39400 6288
39500 6298
39600 6305
39700 6316
39800 6324
39900 6331
40000 6339
40100 6351
40200 6365
40300 6375
40400 6385
40500 6393
40600 6403
40700 6413
40800 6416
40900 6423
41000 6431
41100 6439
41200 6456
41300 6464
41400 6472
41500 6482
41600 6492
41700 6501
41800 6511
41900 6522
42000 6527
42100 6536
42200 6547
42300 6557
42400 6560
42500 6571
42600 6576
42700 6579
42800 6584
42900 6596
43000 6613
43100 6625
43200 6636
43300 6638
43400 6645
43500 6654
43600 6662
43700 6673
43800 6687
43900 6696
44000 6709
44100 6716
44200 6724
44300 6734
44400 6748
44500 6762
44600 6769
44700 6776
44800 6782
44900 6794
45000 6806
45100 6814
45200 6822
45300 6829
45400 6840
45500 6850
45600 6855
45700 6860
45800 6866
45900 6874
46000 6879
46100 6884
46200 6888
46300 6892
46400 6897
46500 6906
46600 6910
46700 6920
46800 6935
46900 6944
47000 6951
47100 6959
47200 6973
47300 6982
47400 6993
47500 7002
47600 7008
47700 7014
47800 7022
47900 7031
48000 7038
48100 7050
48200 7060
48300 7072
48400 7083
48500 7090
48600 7097
48700 7106
48800 7114
48900 7119
49000 7130
49100 7140
49200 7144
49300 7151
49400 7157
49500 7162
49600 7176
49700 7184
49800 7196
49900 7203
50000 7216
50100 7226
50200 7239
50300 7259
50400 7276
50500 7303
50600 7329
50700 7338
50800 7347
50900 7358
51000 7370
51100 7384
51200 7391
51300 7400
51400 7407
51500 7416
51600 7423
51700 7431
51800 7437
51900 7444
52000 7457
52100 7464
52200 7469
52300 7480
52400 7488
52500 7496
52600 7502
52700 7508
52800 7515
52900 7523
53000 7534
53100 7543
53200 7549
53300 7559
53400 7563
53500 7570
53600 7578
53700 7588
53800 7597
53900 7605
54000 7615
54100 7621
54200 7625
54300 7637
54400 7649
54500 7652
54600 7657
54700 7666
54800 7673
54900 7684
55000 7695
55100 7702
55200 7714
55300 7723
55400 7728
55500 7735
55600 7745
55700 7751
55800 7764
55900 7778
56000 7786
56100 7794
56200 7802
56300 7807
56400 7809
56500 7814
56600 7824
56700 7832
56800 7838
56900 7850
57000 7859
57100 7866
57200 7877
57300 7884
57400 7891
57500 7895
57600 7902
57700 7907
57800 7912
57900 7914
58000 7918
58100 7924
58200 7932
58300 7940
58400 7944
58500 7951
58600 7957
58700 7963
58800 7967
58900 7973
59000 7980
59100 7988
59200 7998
59300 8010
59400 8016
59500 8021
59600 8029
59700 8036
59800 8039
59900 8042
60000 8049
60100 8056
60200 8062
60300 8068
60400 8075
60500 8081
60600 8087
60700 8090
60800 8097
60900 8108
61000 8115
61100 8120
61200 8129
61300 8143
61400 8150
61500 8155
61600 8162
61700 8166
61800 8177
61900 8179
62000 8189
62100 8196
62200 8208
62300 8212
62400 8221
62500 8224
62600 8228
62700 8241
62800 8248
62900 8257
63000 8270
63100 8278
63200 8284
63300 8294
63400 8305
63500 8313
63600 8316
63700 8322
63800 8327
63900 8338
64000 8348
64100 8354
64200 8362
64300 8367
64400 8379
64500 8389
64600 8396
64700 8400
64800 8403
64900 8411
65000 8416
65100 8422
65200 8430
65300 8434
65400 8447
65500 8457
65600 8464
65700 8471
65800 8479
65900 8485
66000 8497
66100 8511
66200 8517
66300 8526
66400 8532
66500 8544
66600 8548
66700 8557
66800 8569
66900 8573
67000 8579
67100 8586
67200 8589
67300 8594
67400 8600
67500 8604
67600 8612
67700 8620
67800 8626
67900 8633
68000 8642
68100 8646
68200 8653
68300 8659
68400 8665
68500 8672
68600 8678
68700 8687
68800 8694
68900 8701
69000 8708
69100 8719
69200 8726
69300 8738
69400 8747
69500 8757
69600 8765
69700 8774
69800 8782
69900 8788
70000 8792
70100 8797
70200 8803
70300 8813
70400 8828
70500 8833
70600 8840
70700 8849
70800 8854
70900 8863
71000 8871
71100 8881
71200 8890
71300 8894
71400 8901
71500 8911
71600 8917
71700 8924
71800 8933
71900 8944
72000 8956
72100 8968
72200 8980
72300 8984
72400 8990
72500 8994
72600 8997
72700 9003
72800 9006
72900 9008
73000 9016
73100 9023
73200 9030
73300 9037
73400 9042
73500 9048
73600 9058
73700 9068
73800 9082
73900 9090
74000 9094
74100 9101
74200 9107
74300 9114
74400 9121
74500 9133
74600 9139
74700 9143
74800 9146
74900 9159
75000 9169
75100 9177
75200 9184
75300 9188
75400 9198
75500 9205
75600 9209
75700 9221
75800 9226
75900 9227
76000 9232
76100 9236
76200 9240
76300 9246
76400 9255
76500 9267
76600 9274
76700 9278
76800 9284
76900 9291
77000 9300
77100 9303
77200 9306
77300 9312
77400 9317
77500 9325
77600 9329
77700 9339
77800 9348
77900 9353
78000 9360
78100 9370
78200 9374
78300 9383
78400 9386
78500 9392
78600 9399
78700 9408
78800 9422
78900 9435
79000 9444
79100 9455
79200 9459
79300 9464
79400 9468
79500 9477
79600 9488
79700 9495
79800 9499
79900 9506
80000 9519
80100 9525
80200 9527
80300 9536
80400 9540
80500 9545
80600 9552
80700 9563
80800 9566
80900 9579
81000 9584
81100 9590
81200 9600
81300 9607
81400 9615
81500 9617
81600 9620
81700 9632
81800 9637
81900 9639
82000 9645
82100 9649
82200 9655
82300 9665
82400 9670
82500 9674
82600 9677
82700 9684
82800 9691
82900 9694
83000 9697
83100 9706
83200 9711
83300 9722
83400 9728
83500 9739
83600 9744
83700 9746
83800 9747
83900 9750
84000 9756
84100 9760
84200 9763
84300 9769
84400 9777
84500 9780
84600 9787
84700 9792
84800 9797
84900 9806
85000 9816
85100 9818
85200 9822
85300 9832
85400 9840
85500 9847
85600 9853
85700 9868
85800 9874
85900 9878
86000 9886
86100 9891
86200 9893
86300 9896
86400 9900
86500 9906
86600 9910
86700 9916
86800 9927
86900 9935
87000 9937
87100 9939
87200 9944
87300 9950
87400 9960
87500 9961
87600 9967
87700 9972
87800 9977
87900 9991
88000 10000
88100 10009
88200 10016
88300 10025
88400 10036
88500 10045
88600 10049
88700 10056
88800 10060
88900 10063
89000 10068
89100 10072
89200 10076
89300 10083
89400 10093
89500 10104
89600 10110
89700 10113
89800 10122
89900 10130
90000 10133
90100 10139
90200 10144
90300 10154
90400 10162
90500 10164
90600 10167
90700 10173
90800 10184
90900 10191
91000 10199
91100 10202
91200 10206
91300 10211
91400 10222
91500 10225
91600 10231
91700 10235
91800 10243
91900 10255
92000 10257
92100 10260
92200 10267
92300 10275
92400 10279
92500 10284
92600 10288
92700 10293
92800 10299
92900 10309
93000 10313
93100 10318
93200 10321
93300 10329
93400 10339
93500 10345
93600 10359
93700 10366
93800 10371
93900 10377
94000 10380
94100 10385
94200 10392
94300 10398
94400 10402
94500 10405
94600 10410
94700 10416
94800 10422
94900 10427
95000 10428
95100 10434
95200 10439
95300 10443
95400 10446
95500 10453
95600 10463
95700 10464
95800 10465
95900 10470
96000 10476
96100 10484
96200 10491
96300 10498
96400 10500
96500 10502
96600 10504
96700 10510
96800 10513
96900 10517
97000 10522
97100 10526
97200 10528
97300 10533
97400 10533
97500 10538
97600 10544
97700 10550
97800 10555
97900 10555
98000 10560
98100 10563
98200 10572
98300 10577
98400 10585
98500 10590
98600 10597
98700 10598
98800 10601
98900 10611
99000 10613
99100 10619
99200 10623
99300 10626
99400 10629
99500 10631
99600 10639
99700 10642
99800 10651
99900 10655
100000 10662
100100 10669
100200 10674
100300 10678
100400 10680
100500 10691
100600 10696
100700 10701
100800 10705
100900 10709
101000 10716
101100 10720
101200 10724
101300 10733
101400 10740
101500 10742
101600 10750
101700 10753
101800 10755
101900 10762
102000 10769
102100 10774
102200 10780
102300 10788
102400 10793
102500 10802
102600 10808
102700 10813
102800 10815
102900 10820
103000 10825
103100 10828
103200 10833
103300 10837
103400 10840
103500 10844
103600 10845
103700 10850
103800 10855
103900 10858
104000 10865
104100 10868
104200 10871
104300 10879
104400 10882
104500 10893
104600 10896
104700 10898
104800 10904
104900 10907
105000 10917
105100 10927
105200 10932
105300 10936
105400 10941
105500 10948
105600 10955
105700 10960
105800 10963
105900 10975
106000 10981
106100 10988
106200 10998
106300 11017
106400 11022
106500 11027
106600 11028
106700 11032
106800 11039
106900 11045
107000 11051
107100 11056
107200 11060
107300 11063
107400 11065
107500 11068
107600 11072
107700 11077
107800 11079
107900 11082
108000 11085
108100 11089
108200 11092
108300 11098
108400 11106
108500 11114
108600 11118
108700 11126
108800 11131
108900 11137
109000 11141
109100 11145
109200 11149
109300 11156
109400 11162
109500 11165
109600 11167
109700 11172
109800 11173
109900 11180
110000 11186
110100 11192
110200 11202
110300 11208
110400 11212
110500 11215
110600 11221
110700 11231
110800 11236
110900 11242
111000 11245
111100 11251
111200 11256
111300 11263
111400 11263
111500 11268
111600 11271
111700 11273
111800 11278
111900 11283
112000 11285
112100 11293
112200 11296
112300 11302
112400 11305
112500 11314
112600 11319
112700 11325
112800 11329
112900 11330
113000 11339
113100 11344
113200 11352
113300 11357
113400 11363
113500 11367
113600 11375
113700 11378
113800 11383
113900 11386
114000 11390
114100 11395
114200 11399
114300 11414
114400 11417
114500 11420
114600 11427
114700 11437
114800 11446
114900 11454
115000 11460
115100 11469
115200 11475
115300 11484
115400 11491
115500 11505
115600 11508
115700 11511
115800 11519
115900 11526
116000 11526
116100 11531
116200 11538
116300 11546
116400 11550
116500 11555
116600 11559
116700 11562
116800 11572
116900 11575
117000 11580
117100 11584
117200 11586
117300 11587
117400 11590
117500 11593
117600 11595
117700 11602
117800 11603
117900 11611
118000 11613
118100 11615
118200 11619
118300 11627
118400 11634
118500 11640
118600 11647
118700 11651
118800 11658
118900 11660
119000 11668
119100 11671
119200 11672
119300 11678
119400 11683
119500 11685
119600 11687
119700 11693
119800 11696
119900 11705
120000 11706
120100 11707
120200 11712
120300 11720
120400 11727
120500 11731
120600 11735
120700 11739
120800 11742
120900 11745
121000 11749
121100 11753
121200 11764
121300 11770
121400 11773
121500 11778
121600 11781
121700 11787
121800 11793
121900 11797
122000 11802
122100 11811
122200 11815
122300 11821
122400 11828
122500 11833
122600 11839
122700 11841
122800 11846
122900 11847
123000 11854
123100 11860
123200 11865
123300 11871
123400 11872
123500 11877
123600 11881
123700 11885
123800 11894
123900 11898
124000 11903
124100 11903
124200 11906
124300 11914
124400 11919
124500 11926
124600 11931
124700 11937
124800 11942
124900 11948
125000 11955
125100 11963
125200 11971
125300 11976
125400 11977
125500 11980
125600 11986
125700 11992
125800 11994
125900 12000
126000 12003
126100 12008
126200 12013
126300 12021
126400 12026
126500 12031
126600 12035
126700 12038
126800 12044
126900 12047
127000 12051
127100 12053
127200 12057
127300 12060
127400 12066
127500 12069
127600 12072
127700 12076
127800 12079
127900 12085
128000 12091
128100 12094
128200 12094
128300 12098
128400 12103
128500 12105
128600 12107
128700 12110
128800 12113
128900 12117
129000 12118
129100 12122
129200 12126
129300 12130
129400 12135
129500 12136
129600 12142
129700 12142
129800 12148
129900 12153
130000 12161
130100 12163
130200 12164
130300 12165
130400 12171
130500 12177
130600 12181
130700 12183
130800 12186
130900 12190
131000 12193
131100 12196
131200 12202
131300 12205
131400 12210
131500 12214
131600 12217
131700 12227
131800 12231
131900 12236
132000 12242
132100 12245
132200 12247
132300 12253
132400 12258
132500 12264
132600 12269
132700 12272
132800 12279
132900 12289
133000 12295
133100 12300
133200 12303
133300 12304
133400 12305
133500 12306
133600 12309
133700 12312
133800 12318
133900 12325
134000 12329
134100 12335
134200 12338
134300 12342
134400 12347
134500 12353
134600 12357
134700 12361
134800 12369
134900 12372
135000 12375
135100 12377
135200 12382
135300 12385
135400 12388
135500 12395
135600 12401
135700 12409
135800 12413
135900 12417
136000 12420
136100 12425
136200 12432
136300 12437
136400 12441
136500 12450
136600 12456
136700 12458
136800 12460
136900 12465
137000 12475
137100 12479
137200 12482
137300 12486
137400 12489
137500 12490
137600 12499
137700 12510
137800 12513
137900 12518
138000 12525
138100 12534
138200 12537
138300 12544
138400 12550
138500 12553
138600 12558
138700 12566
138800 12574
138900 12580
139000 12583
139100 12589
139200 12590
139300 12594
139400 12599
139500 12608
139600 12610
139700 12615
139800 12617
139900 12621
140000 12625
140100 12629
140200 12633
140300 12642
140400 12653
140500 12666
140600 12675
140700 12684
140800 12694
140900 12699
141000 12711
141100 12718
141200 12724
141300 12737
141400 12742
141500 12749
141600 12758
141700 12764
141800 12777
141900 12785
142000 12794
142100 12803
142200 12808
142300 12811
142400 12814
142500 12821
142600 12825
142700 12829
142800 12835
142900 12841
143000 12848
143100 12857
143200 12861
143300 12868
143400 12874
143500 12880
143600 12885
143700 12892
143800 12899
143900 12903
144000 12910
144100 12917
144200 12923
144300 12929
144400 12931
144500 12935
144600 12942
144700 12948
144800 12955
144900 12961
145000 12964
145100 12971
145200 12978
145300 12985
145400 12987
145500 12990
145600 12991
145700 12998
145800 13000
145900 13002
146000 13004
146100 13010
146200 13017
146300 13022
146400 13027
146500 13034
146600 13040
146700 13044
146800 13048
146900 13055
147000 13059
147100 13066
147200 13075
147300 13082
147400 13085
147500 13087
147600 13090
147700 13094
147800 13096
147900 13099
148000 13105
148100 13110
148200 13118
148300 13119
148400 13121
148500 13124
148600 13126
148700 13131
148800 13135
148900 13141
149000 13144
149100 13148
149200 13151
149300 13155
149400 13156
149500 13161
149600 13163
149700 13169
149800 13177
149900 13183
150000 13186
150100 13189
150200 13194
150300 13197
150400 13200
150500 13205
150600 13209
150700 13215
150800 13222
150900 13229
151000 13232
151100 13234
151200 13238
151300 13242
151400 13246
151500 13249
151600 13249
151700 13255
151800 13259
151900 13264
152000 13269
152100 13277
152200 13282
152300 13291
152400 13292
152500 13297
152600 13303
152700 13314
152800 13318
152900 13323
153000 13326
153100 13330
153200 13337
153300 13341
153400 13346
153500 13356
153600 13362
153700 13365
153800 13368
153900 13374
154000 13377
154100 13382
154200 13388
154300 13390
154400 13390
154500 13393
154600 13396
154700 13398
154800 13404
154900 13409
155000 13413
155100 13418
155200 13421
155300 13426
155400 13430
155500 13433
155600 13439
155700 13439
155800 13442
155900 13447
156000 13450
156100 13452
156200 13455
156300 13459
156400 13460
156500 13462
156600 13465
156700 13466
156800 13471
156900 13472
157000 13475
157100 13477
157200 13483
157300 13487
157400 13493
157500 13496
157600 13500
157700 13507
157800 13512
157900 13514
158000 13521
158100 13535
158200 13539
158300 13540
158400 13542
158500 13546
158600 13555
158700 13559
158800 13561
158900 13562
159000 13566
159100 13573
159200 13580
159300 13587
159400 13595
159500 13601
159600 13604
159700 13610
159800 13616
159900 13619
160000 13623
160100 13637
160200 13638
160300 13639
160400 13641
160500 13643
160600 13649
160700 13654
160800 13660
160900 13661
161000 13666
161100 13673
161200 13677
161300 13680
161400 13682
161500 13683
161600 13686
161700 13691
161800 13697
161900 13699
162000 13701
162100 13707
162200 13707
162300 13708
162400 13713
162500 13716
162600 13719
162700 13721
162800 13724
162900 13725
163000 13729
163100 13730
163200 13736
163300 13740
163400 13745
163500 13750
163600 13754
163700 13754
163800 13758
163900 13760
164000 13762
164100 13763
164200 13768
164300 13772
164400 13774
164500 13774
164600 13778
164700 13783
164800 13785
164900 13786
165000 13786
165100 13789
165200 13792
165300 13796
165400 13798
165500 13800
165600 13804
165700 13807
165800 13807
165900 13810
166000 13814
166100 13821
166200 13828
166300 13834
166400 13838
166500 13842
166600 13843
166700 13851
166800 13855
166900 13859
167000 13861
167100 13865
167200 13871
167300 13875
167400 13888
167500 13890
167600 13894
167700 13901
167800 13908
167900 13912
168000 13912
168100 13914
168200 13920
168300 13928
168400 13935
168500 13939
168600 13947
168700 13952
168800 13955
168900 13958
169000 13972
169100 13980
169200 13985
169300 13986
169400 13994
169500 13998
169600 14000
169700 14006
169800 14009
169900 14014
170000 14024
170100 14043
170200 14051
170300 14060
170400 14066
170500 14070
170600 14073
170700 14075
170800 14080
170900 14085
171000 14090
171100 14093
171200 14096
171300 14099
171400 14103
171500 14108
171600 14111
171700 14114
171800 14116
171900 14121
172000 14125
172100 14131
172200 14136
172300 14140
172400 14146
172500 14150
172600 14156
172700 14161
172800 14163
172900 14168
173000 14171
173100 14172
173200 14175
173300 14176
173400 14183
173500 14191
173600 14195
173700 14204
173800 14216
173900 14223
174000 14226
174100 14237
174200 14249
174300 14262
174400 14268
174500 14273
174600 14277
174700 14281
174800 14287
174900 14293
175000 14298
175100 14303
175200 14310
175300 14318
175400 14329
175500 14334
175600 14341
175700 14348
175800 14355
175900 14358
176000 14363
176100 14370
176200 14374
176300 14378
176400 14381
176500 14387
176600 14390
176700 14395
176800 14398
176900 14401
177000 14404
177100 14409
177200 14412
177300 14413
177400 14416
177500 14423
177600 14426
177700 14431
177800 14432
177900 14440
178000 14442
178100 14446
178200 14449
178300 14454
178400 14457
178500 14466
178600 14476
178700 14478
178800 14482
178900 14484
179000 14491
179100 14498
179200 14503
179300 14509
179400 14523
179500 14530
179600 14531
179700 14537
179800 14540
179900 14542
180000 14546
180100 14553
180200 14560
180300 14568
180400 14587
180500 14597
180600 14609
180700 14613
180800 14616
180900 14621
181000 14624
181100 14626
181200 14632
181300 14638
181400 14640
181500 14643
181600 14646
181700 14655
181800 14662
181900 14669
182000 14676
182100 14683
182200 14690
182300 14695
182400 14697
182500 14698
182600 14703
182700 14708
182800 14712
182900 14718
183000 14723
183100 14730
183200 14737
183300 14740
183400 14745
183500 14750
183600 14755
183700 14759
183800 14764
183900 14767
184000 14776
184100 14788
184200 14795
184300 14800
184400 14807
184500 14809
184600 14812
184700 14815
184800 14818
184900 14823
185000 14832
185100 14839
185200 14843
185300 14852
185400 14855
185500 14857
185600 14863
185700 14870
185800 14872
185900 14872
186000 14878
186100 14879
186200 14888
186300 14891
186400 14897
186500 14898
186600 14900
186700 14904
186800 14907
186900 14912
187000 14915
187100 14919
187200 14924
187300 14935
187400 14938
187500 14942
187600 14949
187700 14954
187800 14973
187900 14985
188000 15000
188100 15011
188200 15019
188300 15028
188400 15037
188500 15043
188600 15046
188700 15056
188800 15078
188900 15088
189000 15100
189100 15112
189200 15127
189300 15132
189400 15138
189500 15146
189600 15153
189700 15163
189800 15163
189900 15165
190000 15165
190100 15169
190200 15175
190300 15177
190400 15186
190500 15191
190600 15197
190700 15202
190800 15209
190900 15213
191000 15220
191100 15226
191200 15234
191300 15239
191400 15248
191500 15252
191600 15258
191700 15264
191800 15272
191900 15276
192000 15283
192100 15284
192200 15289
192300 15297
192400 15306
192500 15312
192600 15315
192700 15317
192800 15323
192900 15325
193000 15329
193100 15332
193200 15338
193300 15341
193400 15343
193500 15349
193600 15354
193700 15356
193800 15358
193900 15359
194000 15368
194100 15371
194200 15379
194300 15380
194400 15383
194500 15387
194600 15393
194700 15400
194800 15410
194900 15419
195000 15425
195100 15429
195200 15433
195300 15437
195400 15442
195500 15448
195600 15452
195700 15458
195800 15466
195900 15471
196000 15478
196100 15483
196200 15486
196300 15494
196400 15506
196500 15509
196600 15514
196700 15519
196800 15521
196900 15523
197000 15525
197100 15531
197200 15538
197300 15541
197400 15544
197500 15547
197600 15552
197700 15553
197800 15557
197900 15561
198000 15569
198100 15575
198200 15578
198300 15583
198400 15588
198500 15589
198600 15593
198700 15597
198800 15599
198900 15603
199000 15606
199100 15616
199200 15620
199300 15625
199400 15634
199500 15637
199600 15645
199700 15653
199800 15658
199900 15662
200000 15664
200100 15669
200200 15676
200300 15685
200400 15692
200500 15696
200600 15703
200700 15704
200800 15707
200900 15710
201000 15713
201100 15715
201200 15720
201300 15725
201400 15732
201500 15738
201600 15741
201700 15750
201800 15752
201900 15755
202000 15760
202100 15767
202200 15772
202300 15774
202400 15780
202500 15783
202600 15785
202700 15789
202800 15790
202900 15794
203000 15805
203100 15811
203200 15817
203300 15827
203400 15836
203500 15845
203600 15849
203700 15853
203800 15862
203900 15869
204000 15879
204100 15884
204200 15888
204300 15892
204400 15897
204500 15902
204600 15907
204700 15913
204800 15920
204900 15923
205000 15926
205100 15928
205200 15931
205300 15935
205400 15938
205500 15944
205600 15952
205700 15956
205800 15962
205900 15965
206000 15973
206100 15975
206200 15981
206300 15988
206400 15992
206500 16001
206600 16006
206700 16010
206800 16013
206900 16017
207000 16020
207100 16023
207200 16024
207300 16029
207400 16033
207500 16035
207600 16040
207700 16048
207800 16055
207900 16061
208000 16063
208100 16071
208200 16074
208300 16080
208400 16087
208500 16090
208600 16098
208700 16102
208800 16109
208900 16116
209000 16121
209100 16128
209200 16133
209300 16136
209400 16142
209500 16147
209600 16151
209700 16154
209800 16159
209900 16159
210000 16162
210100 16167
210200 16169
210300 16174
210400 16178
210500 16184
210600 16187
210700 16189
210800 16194
210900 16200
211000 16211
211100 16215
211200 16225
211300 16230
211400 16235
211500 16240
211600 16249
211700 16259
211800 16265
211900 16273
212000 16284
212100 16286
212200 16289
212300 16289
212400 16298
212500 16300
212600 16306
212700 16308
212800 16313
212900 16316
213000 16319
213100 16322
213200 16326
213300 16329
213400 16332
213500 16335
213600 16341
213700 16341
213800 16343
213900 16347
214000 16350
214100 16354
214200 16362
214300 16365
214400 16366
214500 16367
214600 16376
214700 16380
214800 16381
214900 16387
215000 16389
215100 16394
215200 16400
215300 16406
215400 16412
215500 16414
215600 16417
215700 16421
215800 16426
215900 16436
216000 16443
216100 16455
216200 16459
216300 16465
216400 16470
216500 16475
216600 16486
216700 16488
216800 16489
216900 16491
217000 16492
217100 16496
217200 16499
217300 16503
217400 16510
217500 16512
217600 16517
217700 16521
217800 16524
217900 16525
218000 16534
218100 16537
218200 16543
218300 16554
218400 16558
218500 16563
218600 16569
218700 16572
218800 16577
218900 16581
219000 16584
219100 16587
219200 16588
219300 16592
219400 16593
219500 16595
219600 16599
219700 16601
219800 16606
219900 16610
220000 16618
220100 16623
220200 16627
220300 16635
220400 16641
220500 16648
220600 16652
220700 16653
220800 16660
220900 16662
221000 16669
221100 16675
221200 16678
221300 16681
221400 16687
221500 16691
221600 16697
221700 16698
221800 16699
221900 16705
222000 16710
222100 16716
222200 16723
222300 16727
222400 16730
222500 16733
222600 16737
222700 16745
222800 16746
222900 16755
223000 16756
223100 16763
223200 16767
223300 16774
223400 16782
223500 16785
223600 16790
223700 16796
223800 16801
223900 16807
224000 16809
224100 16815
224200 16827
224300 16833
224400 16835
224500 16839
224600 16846
224700 16850
224800 16850
224900 16853
225000 16861
225100 16868
225200 16874
225300 16878
225400 16883
225500 16893
225600 16901
225700 16908
225800 16914
225900 16918
226000 16930
226100 16938
226200 16943
226300 16946
226400 16950
226500 16953
226600 16957
226700 16960
226800 16964
226900 16965
227000 16972
227100 16977
227200 16982
227300 16985
227400 16985
227500 17001
227600 17003
227700 17009
227800 17011
227900 17018
228000 17022
228100 17023
228200 17027
228300 17032
228400 17038
228500 17042
228600 17042
228700 17044
228800 17049
228900 17051
229000 17051
229100 17056
229200 17060
229300 17064
229400 17068
229500 17073
229600 17075
229700 17077
229800 17078
229900 17082
230000 17086
230100 17094
230200 17097
230300 17097
230400 17099
230500 17101
230600 17106
230700 17116
230800 17121
230900 17122
231000 17122
231100 17129
231200 17140
231300 17145
231400 17149
231500 17158
231600 17164
231700 17169
231800 17176
231900 17182
232000 17191
232100 17198
232200 17202
232300 17203
232400 17206
232500 17210
232600 17213
232700 17220
232800 17226
232900 17229
233000 17231
233100 17234
233200 17237
233300 17244
233400 17247
233500 17248
233600 17251
233700 17258
233800 17260
233900 17262
234000 17264
234100 17266
234200 17273
234300 17276
234400 17281
234500 17286
234600 17295
234700 17299
234800 17302
234900 17308
235000 17312
235100 17313
235200 17318
235300 17321
235400 17321
235500 17323
235600 17323
235700 17325
235800 17337
235900 17342
236000 17343
236100 17346
236200 17347
236300 17354
236400 17360
236500 17362
236600 17377
236700 17377
236800 17379
236900 17381
237000 17381
237100 17385
237200 17389
237300 17394
237400 17404
237500 17410
237600 17413
237700 17417
237800 17422
237900 17428
238000 17436
238100 17445
238200 17446
238300 17448
238400 17451
238500 17458
238600 17464
238700 17467
238800 17472
238900 17478
239000 17482
239100 17489
239200 17494
239300 17504
239400 17508
239500 17510
239600 17512
239700 17515
239800 17524
239900 17526
240000 17533
240100 17536
240200 17542
240300 17549
240400 17557
240500 17558
240600 17559
240700 17564
240800 17571
240900 17577
241000 17581
241100 17586
241200 17592
241300 17597
241400 17603
241500 17616
241600 17618
241700 17620
241800 17634
241900 17641
242000 17649
242100 17654
242200 17659
242300 17664
242400 17671
242500 17676
242600 17683
242700 17686
242800 17692
242900 17700
243000 17718
243100 17728
243200 17734
243300 17744
243400 17748
243500 17753
243600 17761
243700 17769
243800 17774
243900 17784
244000 17790
244100 17794
244200 17800
244300 17811
244400 17816
244500 17818
244600 17821
244700 17826
244800 17828
244900 17833
245000 17840
245100 17844
245200 17847
245300 17855
245400 17864
245500 17871
245600 17877
245700 17882
245800 17884
245900 17891
246000 17898
246100 17905
246200 17909
246300 17912
246400 17917
246500 17922
246600 17928
246700 17931
246800 17933
246900 17935
247000 17944
247100 17950
247200 17954
247300 17960
247400 17963
247500 17970
247600 17972
247700 17977
247800 17980
247900 17984
248000 17990
248100 17994
248200 18002
248300 18008
248400 18010
248500 18010
248600 18017
248700 18024
248800 18034
248900 18045
249000 18052
249100 18057
249200 18061
249300 18071
249400 18077
249500 18083
249600 18089
249700 18097
249800 18100
249900 18106
250000 18111
250100 18113
250200 18120
250300 18126
250400 18127
250500 18131
250600 18139
250700 18150
250800 18160
250900 18167
251000 18170
251100 18177
251200 18182
251300 18186
251400 18186
251500 18189
251600 18193
251700 18195
251800 18197
251900 18204
252000 18210
252100 18216
252200 18222
252300 18225
252400 18228
252500 18232
252600 18234
252700 18236
252800 18238
252900 18241
253000 18246
253100 18248
253200 18252
253300 18255
253400 18256
253500 18257
253600 18262
253700 18266
253800 18270
253900 18272
254000 18276
254100 18278
254200 18281
254300 18281
254400 18285
254500 18291
254600 18294
254700 18298
254800 18302
254900 18306
255000 18311
255100 18314
255200 18317
255300 18318
255400 18319
255500 18323
255600 18326
255700 18327
255800 18332
255900 18339
256000 18342
256100 18344
256200 18347
256300 18350
256400 18354
256500 18359
256600 18361
256700 18363
256800 18367
256900 18370
257000 18378
257100 18380
257200 18384
257300 18388
257400 18394
257500 18398
257600 18402
257700 18405
257800 18411
257900 18415
258000 18418
258100 18420
258200 18422
258300 18426
258400 18431
258500 18433
258600 18436
258700 18439
258800 18441
258900 18444
259000 18446
259100 18448
259200 18450
259300 18453
259400 18459
259500 18469
259600 18479
259700 18480
259800 18480
259900 18480
260000 18481
260100 18487
260200 18492
260300 18501
260400 18504
260500 18509
260600 18512
260700 18514
260800 18521
260900 18529
261000 18533
261100 18539
261200 18542
261300 18547
261400 18553
261500 18557
261600 18563
261700 18570
261800 18583
261900 18588
262000 18589
262100 18594
262200 18601
262300 18605
262400 18608
262500 18610
262600 18615
262700 18619
262800 18619
262900 18625
263000 18630
263100 18632
263200 18635
263300 18638
263400 18640
263500 18644
263600 18647
263700 18651
263800 18658
263900 18665
264000 18668
264100 18672
264200 18678
264300 18678
264400 18680
264500 18680
264600 18684
264700 18694
264800 18699
264900 18708
265000 18710
265100 18715
265200 18719
265300 18721
265400 18725
265500 18733
265600 18734
265700 18736
265800 18739
265900 18741
266000 18749
266100 18752
266200 18756
266300 18760
266400 18763
266500 18769
266600 18771
266700 18772
266800 18776
266900 18780
267000 18782
267100 18782
267200 18784
267300 18791
267400 18793
267500 18796
267600 18804
267700 18806
267800 18807
267900 18807
268000 18812
268100 18817
268200 18820
268300 18830
268400 18840
268500 18846
268600 18857
268700 18862
268800 18869
268900 18872
269000 18886
269100 18892
269200 18897
269300 18899
269400 18907
269500 18912
269600 18916
269700 18921
269800 18922
269900 18927
270000 18930
270100 18933
270200 18936
270300 18939
270400 18941
270500 18944
270600 18945
270700 18947
270800 18948
270900 18949
271000 18950
271100 18951
271200 18952
271300 18957
271400 18959
271500 18963
271600 18965
271700 18968
271800 18970
271900 18973
272000 18976
272100 18979
272200 18983
272300 18986
272400 18990
272500 18993
272600 18998
272700 19000
272800 19001
272900 19008
273000 19010
273100 19017
273200 19024
273300 19030
273400 19035
273500 19036
273600 19037
273700 19039
273800 19041
273900 19045
274000 19050
274100 19051
274200 19055
274300 19059
274400 19060
274500 19062
274600 19063
274700 19065
274800 19071
274900 19071
275000 19074
275100 19078
275200 19081
275300 19086
275400 19093
275500 19094
275600 19097
275700 19098
275800 19102
275900 19105
276000 19108
276100 19111
276200 19113
276300 19117
276400 19121
276500 19126
276600 19131
276700 19133
276800 19136
276900 19140
277000 19142
277100 19145
277200 19150
277300 19163
277400 19167
277500 19173
277600 19176
277700 19178
277800 19181
277900 19185
278000 19189
278100 19195
278200 19196
278300 19197
278400 19199
278500 19204
278600 19209
278700 19212
278800 19220
278900 19222
279000 19227
279100 19236
279200 19249
279300 19252
279400 19256
279500 19262
279600 19272
279700 19277
279800 19280
279900 19282
280000 19282
280100 19282
280200 19285
280300 19285
280400 19286
280500 19288
280600 19289
280700 19291
280800 19295
280900 19298
281000 19304
281100 19310
281200 19313
281300 19314
281400 19323
281500 19325
281600 19326
281700 19327
281800 19329
281900 19337
282000 19338
282100 19339
282200 19341
282300 19351
282400 19355
282500 19357
282600 19359
282700 19362
282800 19364
282900 19365
283000 19369
283100 19376
283200 19382
283300 19387
283400 19392
283500 19395
283600 19403
283700 19407
283800 19413
283900 19417
284000 19425
284100 19427
284200 19430
284300 19432
284400 19442
284500 19449
284600 19453
284700 19455
284800 19455
284900 19458
285000 19465
285100 19470
285200 19475
285300 19477
285400 19479
285500 19481
285600 19486
285700 19495
285800 19498
285900 19502
286000 19512
286100 19520
286200 19525
286300 19528
286400 19533
286500 19538
286600 19549
286700 19558
286800 19568
286900 19575
287000 19578
287100 19587
287200 19594
287300 19598
287400 19605
287500 19607
287600 19609
287700 19612
287800 19613
287900 19618
288000 19619
288100 19623
288200 19627
288300 19630
288400 19632
288500 19636
288600 19638
288700 19642
288800 19647
288900 19648
289000 19652
289100 19656
289200 19657
289300 19659
289400 19663
289500 19669
289600 19677
289700 19679
289800 19682
289900 19683
290000 19684
290100 19690
290200 19694
290300 19696
290400 19700
290500 19702
290600 19704
290700 19718
290800 19725
290900 19729
291000 19731
291100 19733
291200 19745
291300 19752
291400 19756
291500 19759
291600 19761
291700 19769
291800 19780
291900 19787
292000 19793
292100 19800
292200 19805
292300 19811
292400 19817
292500 19818
292600 19825
292700 19827
292800 19832
292900 19834
293000 19842
293100 19846
293200 19850
293300 19856
293400 19859
293500 19864
293600 19866
293700 19868
293800 19877
293900 19883
294000 19891
294100 19900
294200 19907
294300 19915
294400 19923
294500 19925
294600 19936
294700 19944
294800 19947
294900 19948
295000 19949
295100 19955
295200 19960
295300 19964
295400 19967
295500 19970
295600 19970
295700 19971
295800 19973
295900 19976
296000 19979
296100 19981
296200 19988
296300 19995
296400 19997
296500 20000
296600 20005
296700 20008
296800 20011
296900 20016
297000 20020
297100 20028
297200 20029
297300 20031
297400 20035
297500 20039
297600 20043
297700 20046
297800 20051
297900 20057
298000 20064
298100 20070
298200 20077
298300 20083
298400 20091
298500 20097
298600 20100
298700 20108
298800 20116
298900 20119
299000 20124
299100 20126
299200 20128
299300 20131
299400 20135
299500 20136
299600 20141
299700 20148
299800 20148
299900 20154
300000 20154
300100 20154
300200 20156
300300 20160
300400 20163
300500 20169
300600 20172
300700 20173
300800 20176
300900 20180
301000 20184
301100 20188
301200 20193
301300 20200
301400 20207
301500 20217
301600 20221
301700 20225
301800 20230
301900 20237
302000 20241
302100 20242
302200 20249
302300 20256
302400 20262
302500 20268
302600 20269
302700 20276
302800 20282
302900 20285
303000 20288
303100 20295
303200 20297
303300 20302
303400 20306
303500 20313
303600 20316
303700 20318
303800 20321
303900 20323
304000 20326
304100 20329
304200 20329
304300 20331
304400 20337
304500 20338
304600 20340
304700 20342
304800 20346
304900 20350
305000 20354
305100 20358
305200 20359
305300 20362
305400 20368
305500 20369
305600 20372
305700 20374
305800 20377
305900 20381
306000 20384
306100 20389
306200 20394
306300 20397
306400 20400
306500 20403
306600 20405
306700 20408
306800 20418
306900 20428
307000 20438
307100 20443
307200 20449
307300 20456
307400 20459
307500 20464
307600 20468
307700 20471
307800 20471
307900 20471
308000 20474
308100 20480
308200 20486
308300 20488
308400 20491
308500 20495
308600 20496
308700 20499
308800 20503
308900 20507
309000 20509
309100 20510
309200 20511
309300 20516
309400 20520
309500 20522
309600 20525
309700 20526
309800 20534
309900 20539
310000 20540
310100 20543
310200 20549
310300 20551
310400 20554
310500 20555
310600 20566
310700 20572
310800 20576
310900 20581
311000 20584
311100 20585
311200 20590
311300 20596
311400 20601
311500 20602
311600 20604
311700 20607
311800 20613
311900 20623
312000 20627
312100 20633
312200 20638
312300 20648
312400 20649
312500 20654
312600 20654
312700 20656
312800 20662
312900 20667
313000 20673
313100 20676
313200 20677
313300 20681
313400 20681
313500 20685
313600 20686
313700 20692
313800 20699
313900 20703
314000 20707
314100 20709
314200 20714
314300 20716
314400 20721
314500 20722
314600 20727
314700 20730
314800 20734
314900 20739
315000 20745
315100 20747
315200 20750
315300 20751
315400 20756
315500 20762
315600 20767
315700 20772
315800 20775
315900 20776
316000 20778
316100 20782
316200 20787
316300 20790
316400 20794
316500 20798
316600 20798
316700 20800
316800 20803
316900 20806
317000 20810
317100 20813
317200 20815
317300 20816
317400 20821
317500 20825
317600 20829
317700 20833
317800 20835
317900 20840
318000 20842
318100 20847
318200 20856
318300 20862
318400 20863
318500 20866
318600 20871
318700 20873
318800 20876
318900 20880
319000 20884
319100 20885
319200 20892
319300 20897
319400 20899
319500 20905
319600 20912
319700 20918
319800 20920
319900 20922
320000 20926
320100 20933
320200 20936
320300 20938
320400 20943
320500 20944
320600 20944
320700 20945
320800 20946
320900 20948
321000 20952
321100 20955
321200 20957
321300 20959
321400 20960
321500 20961
321600 20965
321700 20966
321800 20967
321900 20970
322000 20971
322100 20974
322200 20976
322300 20977
322400 20980
322500 20980
322600 20986
322700 20990
322800 20991
322900 20995
323000 20997
323100 21002
323200 21007
323300 21008
323400 21013
323500 21015
323600 21017
323700 21020
323800 21025
323900 21030
324000 21031
324100 21036
324200 21039
324300 21041
324400 21046
324500 21050
324600 21054
324700 21056
324800 21061
324900 21064
325000 21066
325100 21069
325200 21072
325300 21073
325400 21077
325500 21080
325600 21081
325700 21084
325800 21086
325900 21089
326000 21092
326100 21095
326200 21099
326300 21101
326400 21103
326500 21107
326600 21110
326700 21116
326800 21124
326900 21131
327000 21135
327100 21140
327200 21141
327300 21143
327400 21144
327500 21148
327600 21148
327700 21154
327800 21161
327900 21163
328000 21167
328100 21171
328200 21178
328300 21184
328400 21184
328500 21187
328600 21188
328700 21189
328800 21196
328900 21201
329000 21204
329100 21209
329200 21215
329300 21220
329400 21223
329500 21225
329600 21227
329700 21227
329800 21228
329900 21233
330000 21235
330100 21237
330200 21239
330300 21241
330400 21245
330500 21250
330600 21255
330700 21266
330800 21269
330900 21275
331000 21279
331100 21284
331200 21287
331300 21291
331400 21294
331500 21303
331600 21307
331700 21310
331800 21316
331900 21323
332000 21327
332100 21331
332200 21333
332300 21336
332400 21342
332500 21348
332600 21349
332700 21356
332800 21362
332900 21364
333000 21364
333100 21369
333200 21373
333300 21375
333400 21378
333500 21382
333600 21382
333700 21387
333800 21389
333900 21398
334000 21405
334100 21409
334200 21414
334300 21416
334400 21421
334500 21424
334600 21427
334700 21432
334800 21435
334900 21442
335000 21446
335100 21448
335200 21452
335300 21454
335400 21456
335500 21458
335600 21459
335700 21462
335800 21465
335900 21469
336000 21470
336100 21473
336200 21476
336300 21478
336400 21483
336500 21486
336600 21488
336700 21489
336800 21495
336900 21500
337000 21502
337100 21506
337200 21508
337300 21511
337400 21513
337500 21516
337600 21518
337700 21520
337800 21521
337900 21524
338000 21527
338100 21527
338200 21533
338300 21534
338400 21534
338500 21537
338600 21539
338700 21542
338800 21548
338900 21551
339000 21557
339100 21563
339200 21565
339300 21569
339400 21571
339500 21573
339600 21573
339700 21574
339800 21574
339900 21578
340000 21580
340100 21581
340200 21584
340300 21584
340400 21589
340500 21590
340600 21592
340700 21593
340800 21595
340900 21606
341000 21610
341100 21626
341200 21626
341300 21631
341400 21633
341500 21638
341600 21642
341700 21645
341800 21650
341900 21656
342000 21661
342100 21666
342200 21669
342300 21672
342400 21675
342500 21679
342600 21681
342700 21684
342800 21688
342900 21693
343000 21699
343100 21704
343200 21712
343300 21716
343400 21719
343500 21721
343600 21724
343700 21728
343800 21739
343900 21742
344000 21746
344100 21754
344200 21757
344300 21760
344400 21762
344500 21764
344600 21766
344700 21770
344800 21773
344900 21777
345000 21778
345100 21778
345200 21780
345300 21783
345400 21786
345500 21788
345600 21792
345700 21795
345800 21796
345900 21802
346000 21803
346100 21812
346200 21815
346300 21819
346400 21821
346500 21824
346600 21826
346700 21830
346800 21834
346900 21838
347000 21839
347100 21845
347200 21849
347300 21851
347400 21852
347500 21855
347600 21858
347700 21858
347800 21862
347900 21866
348000 21867
348100 21868
348200 21870
348300 21873
348400 21875
348500 21877
348600 21878
348700 21884
348800 21888
348900 21888
349000 21889
349100 21894
349200 21900
349300 21902
349400 21905
349500 21907
349600 21911
349700 21916
349800 21920
349900 21924
350000 21925
350100 21929
350200 21932
350300 21939
350400 21945
350500 21950
350600 21953
350700 21955
350800 21957
350900 21961
351000 21964
351100 21973
351200 21978
351300 21982
351400 21984
351500 21987
351600 21990
351700 21999
351800 22000
351900 22003
352000 22005
352100 22008
352200 22011
352300 22014
352400 22015
352500 22015
352600 22022
352700 22028
352800 22031
352900 22033
353000 22037
353100 22039
353200 22044
353300 22048
353400 22050
353500 22054
353600 22056
353700 22065
353800 22070
353900 22073
354000 22075
354100 22078
354200 22083
354300 22084
354400 22086
354500 22087
354600 22090
354700 22095
354800 22098
354900 22099
355000 22100
355100 22101
355200 22110
355300 22110
355400 22113
355500 22115
355600 22115
355700 22119
355800 22120
355900 22121
356000 22128
356100 22134
356200 22143
356300 22144
356400 22147
356500 22148
356600 22152
356700 22154
356800 22156
356900 22160
357000 22162
357100 22166
357200 22170
357300 22173
357400 22177
357500 22181
357600 22181
357700 22183
357800 22187
357900 22191
358000 22193
358100 22197
358200 22207
358300 22210
358400 22213
358500 22214
358600 22217
358700 22218
358800 22219
358900 22224
359000 22228
359100 22231
359200 22231
359300 22238
359400 22244
359500 22249
359600 22251
359700 22255
359800 22258
359900 22261
360000 22265
360100 22270
360200 22272
360300 22274
360400 22278
360500 22282
360600 22285
360700 22288
360800 22292
360900 22298
361000 22299
361100 22300
361200 22304
361300 22305
361400 22308
361500 22309
361600 22311
361700 22314
361800 22317
361900 22323
362000 22326
362100 22329
362200 22333
362300 22336
362400 22336
362500 22337
362600 22337
362700 22337
362800 22343
362900 22345
363000 22351
363100 22352
363200 22354
363300 22357
363400 22358
363500 22360
363600 22362
363700 22363
363800 22366
363900 22369
364000 22372
364100 22373
364200 22373
364300 22374
364400 22376
364500 22378
364600 22381
364700 22381
364800 22381
364900 22383
365000 22385
365100 22385
365200 22386
365300 22392
365400 22396
365500 22402
365600 22407
365700 22409
365800 22410
365900 22413
366000 22414
366100 22418
366200 22423
366300 22428
366400 22433
366500 22434
366600 22438
366700 22438
366800 22446
366900 22449
367000 22450
367100 22453
367200 22453
367300 22456
367400 22460
367500 22468
367600 22469
367700 22474
367800 22477
367900 22480
368000 22486
368100 22491
368200 22492
368300 22498
368400 22504
368500 22506
368600 22514
368700 22520
368800 22528
368900 22536
369000 22541
369100 22547
369200 22548
369300 22554
369400 22555
369500 22556
369600 22560
369700 22562
369800 22564
369900 22570
370000 22573
370100 22573
370200 22578
370300 22581
370400 22586
370500 22590
370600 22594
370700 22594
370800 22597
370900 22598
371000 22600
371100 22614
371200 22615
371300 22619
371400 22624
371500 22627
371600 22628
371700 22632
371800 22637
371900 22643
372000 22647
372100 22652
372200 22660
372300 22670
372400 22674
372500 22680
372600 22688
372700 22692
372800 22698
372900 22701
373000 22703
373100 22705
373200 22710
373300 22712
373400 22714
373500 22717
373600 22719
373700 22719
373800 22720
373900 22721
374000 22722
374100 22723
374200 22728
374300 22731
374400 22735
374500 22738
374600 22744
374700 22747
374800 22751
374900 22751
375000 22756
375100 22763
375200 22766
375300 22771
375400 22772
375500 22776
375600 22778
375700 22780
375800 22782
375900 22786
376000 22789
376100 22793
376200 22797
376300 22799
376400 22800
376500 22805
376600 22809
376700 22814
376800 22815
376900 22818
377000 22823
377100 22825
377200 22831
377300 22837
377400 22844
377500 22847
377600 22849
377700 22850
377800 22851
377900 22853
378000 22856
378100 22857
378200 22857
378300 22859
378400 22861
378500 22863
378600 22866
378700 22867
378800 22868
378900 22869
379000 22869
379100 22871
379200 22873
379300 22873
379400 22874
379500 22875
379600 22876
379700 22878
379800 22886
379900 22886
380000 22890
380100 22895
380200 22900
380300 22900
380400 22901
380500 22902
380600 22906
380700 22910
380800 22915
380900 22923
381000 22935
381100 22938
381200 22945
381300 22946
381400 22949
381500 22951
381600 22956
381700 22958
381800 22961
381900 22962
382000 22965
382100 22967
382200 22970
382300 22972
382400 22975
382500 22977
382600 22979
382700 22979
382800 22980
382900 22981
383000 22983
383100 22987
383200 22991
383300 22992
383400 22996
383500 23003
383600 23011
383700 23013
383800 23026
383900 23061
384000 23087
384100 23106
384200 23126
384300 23142
384400 23162
384500 23183
384600 23199
384700 23206
384800 23221
384900 23230
385000 23248
385100 23263
385200 23284
385300 23303
385400 23314
385500 23333
385600 23357
385700 23377
385800 23388
385900 23407
386000 23425
386100 23450
386200 23467
386300 23486
386400 23511
386500 23537
386600 23561
